2160037900
2160043000
2160044600
2160049000
2160007700
2160003700
2160006800
2160006900
2160007300
2160007400
2160007500
2160008500
2160008600
2160008700
2160010601
2160019402
2160028201
2160050700
2160050800
2160050900
2160051001
2160051002
2160051101
2160051102
2160051200
2160051300
2170044400
2170051900
2170055300
2170073100
2170320102
2160070001
2160276900
2160372600
2160388400
2170007200
2170007400
2160388500
2160386900
2160388900
2160388200
2160389000
2170008300
2170025500
2170026100
2170026500
2170026300
2170025900
2170026000
2170023800
2170023900
2170024000
2170026400
2170024100
2170320103
2170455500
2170320401
2170320402
2170320403
2170455600
2170455700
2170455400
2333030600
2333088400
2333332500
2170066600
2160352400
2334321301
2334321501
2334311401
2330060803
2330060804
2330061200
2330060901
2330061100
2330060903
2160051400
2170048800
2170049000
2170049100
2170028700
2170049200
2170049300
2170049400
2170052800
2170052900
2170053000
2170057600
2170053400
2170053500
2170053600
2170057700
2170057800
2170053700
2170053800
2170053900
2170058100
2170068800
2170027200
2170024800
2170024900
2170053100
2170025400
2170025000
2170029100
2170044700
2170025300
2170049500
2170053200
2170049600
2170029000
2170052300
2170052400
2170052500
2170053300
2170043700
2170052600
2170029300
2170030500
2170027300
2170041300
2170041400
2170041500
2170030600
2170023200
2170027100
2170041600
2170044600
2170041800
2170041900
2170042000
2170027000
2170023700
2170042100
2170042200
2170042300
2170042400
2170042500
2170042600
2170042700
2170042800
2170041700
2170042900
2170043000
2170043101
2170043102
2170043201
2170043202
2170023100
2170043300
2170027400
2170023300
2170043400
2170043500
2170043600
2170043800
2170044100
2170044200
2170044900
2170045000
2170045100
2170045200
2170046400
2170046500
2170046600
2170046900
2170047000
2170044500
2170047100
2170047200
2170027500
2170027600
2170027700
2170027800
2170047300
2170027900
2170028000
2170028100
2170028200
2170024200
2170024300
2170028500
2170047400
2170047500
2170047600
2170048700
2170028800
2170028900
2170049700
2170049800
2170049900
2170050000
2170050100
2170050200
2170050400
2170050500
2170050600
2170050700
2170050800
2170050900
2170051000
2170051100
2170051200
2170051300
2170051400
2170051500
2170051600
2170051700
2170051800
2170052000
2170052100
2170052200
2170052700
2170054000
2170054100
2170054200
2170054300
2170054400
2170054500
2170054600
2170054700
2170054800
2170054900
2170055000
2170055100
2170055200
2170055400
2170055500
2170055600
2170055700
2170055800
2170057100
2170057200
2170057300
2170057400
2170057500
2170059300
2170059400
2170059500
2170059600
2170059700
2170059800
2170067600
2170059900
2170060000
2170060100
2170060200
2170060300
2170060400
2170060500
2170060600
2170060700
2170060800
2170060900
2170061000
2170061100
2170061200
2170061300
2170061400
2170061500
2170061600
2170061700
2170061800
2170061900
2170062000
2170062100
2170062200
2170063300
2170063400
2170063500
2170063600
2170063700
2170063800
2170063900
2170064000
2170064100
2170064200
2170064300
2170064400
2170064500
2170064600
2170064700
2170064800
2170064900
2170065000
2170065100
2170065200
2170065300
2170065400
2170065500
2170065600
2170065700
2170065800
2170065900
2170066000
2170066100
2170066200
2170067500
2170067700
2170067800
2170067900
2170068000
2170068100
2170068200
2170068300
2170068400
2170068500
2170068600
2170068700
2170068900
2170069000
2170069100
2170069200
2170069301
2170069303
2170069304
2170069402
2170069403
2170069404
2170069501
2170069502
2170069601
2170069602
2170069700
2170069800
2170069901
2170069902
2170070001
2170070002
2170070100
2170070200
2170070300
2170070400
2170070500
2170070600
2170070700
2170070800
2170070900
2170071000
2170071100
2170071200
2170074900
2170071300
2170071400
2170071500
2170071600
2170071700
2170071800
2170071900
2170072000
2170072100
2170072200
2170072300
2170072400
2170072500
2170072600
2170072700
2170072800
2170072900
2170073000
2170073200
2170073300
2170073400
2170073500
2170073600
2170073700
2170073800
2170073900
2170074000
2170074100
2170074200
2170074300
2170074400
2170074500
2170074600
2170074700
2170074800
2170075000
2170075100
2170075200
2170075301
2170075302
2170075401
2170075402
2170075500
2170075600
2170075700
2170075800
2170075900
2170076000
2170076100
2170076200
2170087100
2170076301
2170076302
2170076401
2170076402
2170076500
2170076600
2170076700
2170076800
2170076900
2170077000
2170077100
2170077200
2170077300
2170077400
2170077500
2170077600
2170077701
2170077702
2170077801
2170077802
2170077900
2170078000
2170078100
2170078200
2170078300
2170078400
2170078500
2170078600
2170078700
2170078800
2170078900
2170079000
2170079100
2170079200
2170079300
2170079400
2170079500
2170079600
2170079700
2170079800
2170079900
2170080000
2170080100
2170080200
2170080300
2170080400
2170080500
2170080600
2170080700
2170080800
2170080900
2170081000
2170081100
2170081200
2170081300
2170081400
2170081500
2170081600
2170081700
2170081800
2170081901
2170081902
2170082001
2170082002
2170082100
2170082200
2170082300
2170082400
2170082500
2170082600
2170082700
2170082800
2170082900
2170083000
2170083100
2170083200
2170083300
2170083400
2170083500
2170083600
2170083700
2170083800
2170083900
2170084000
2170084100
2170084200
2170084300
2170084400
2170084500
2170084600
2170084700
2170084800
2170084900
2170085000
2170085100
2170085200
2170085300
2170085400
2170085500
2170085600
2170085700
2170085800
2170085900
2170086000
2170086100
2170086200
2170086300
2170086400
2170086500
2170086600
2170086700
2170086800
2170086900
2170087000
2170087200
2170087300
2170087400
2170087500
2170087600
2170087700
2170087800
2170087902
2170087903
2170087904
2170088001
2170088003
2170088004
2170088101
2170088202
2170088300
2170088400
2170088500
2170088600
2170088700
2170088904
2170089602
2170089700
2170089800
2170089900
2170090000
2170090100
2170090200
2170090300
2170090400
2170090500
2170090600
2170090700
2170090800
2170090900
2170091000
2170091100
2170091200
2170094103
2170094900
2170095000
2170094400
2170094104
2170094000
2170093600
2170091600
2170091700
2170091800
2170091900
2170092000
2170092100
2170092200
2170092300
2170092400
2170093700
2170093800
2170093900
2170094203
2170094204
2170094300
2170095200
2170095300
2170095400
2170095500
2170095600
2170095700
2170095900
2170096000
2170096300
2170096500
2170205700
2170206700
2170317400
2170313802
2170315301
2170315302
2170313702
2170374501
2170373801
2170316601
2170316602
2170316900
2170317000
2170312500
2170312900
2170313000
2170313701
2170313900
2170314000
2170314901
2170314902
2170315001
2170315002
2170315100
2170315200
2170315401
2170315402
2170315500
2170315600
2170316000
2170316200
2170316300
2170316400
2170316501
2170316502
2170317600
2170317701
2170373302
2170373902
2170374302
2170374401
2170374502
2170374600
2170374700
2170374801
2170374803
2170374804
2170374001
2170320101
2170318200
2170374902
2170374903
2170374904
2170375001
2170375002
2170375101
2170374102
2170318300
2170375102
2170375200
2170374103
2170383400
2170383500
2170373601
2170373602
2170373701
2170373702
2170383600
2170319500
2170319600
2170383700
2170354101
2170383800
2170373400
2170374104
2170318700
2170383900
2170377801
2170376300
2170373802
2170317702
2170317801
2170317802
2170374201
2170377802
2170374202
2170377700
2170377901
2170377902
2170378401
2170378402
2170375700
2170378000
2170378100
2170378201
2170378202
2170378301
2170378302
2170384000
2170384100
2170384200
2170384300
2170394600
2170377200
2170377300
2170377400
2170377500
2170377600
2170378702
2170378800
2170378900
2170382700
2170382900
2170383000
2170383100
2170383200
2170383300
2170394700
2170391100
2170391600
2170391700
2170398300
2170398900
2170401900
2170398600
2170401000
2170401100
2170414800
2170413000
2170413100
2170413200
2170415600
2170415200
2170415300
2170415400
2170415500
2170412800
2170412900
2170414400
2170414500
2170414600
2170414700
2170455900
2170456000
2170456100
2170456200
2170456300
2170456400
2170456500
2170456600
2170456700
2170456800
2170456900
2170457000
2170457400
2170457500
2170440000
2170440100
2170441400
2170441500
2170452000
2170452100
2170452200
2170452300
2170452400
2170452500
2170452600
2170452700
2170452800
2170452900
2170453000
2170453100
2333034100
2333034200
2160388300
2170025100
2170455800
2160373100
2160379500
2160379600
2160002901
2160000101
2160000102
2160000103
2160000201
2160002606
2160000202
2160001101
2160001201
2160001400
2160001500
2160001600
2160001700
2160001800
2160002300
2160002400
2160002503
2160002506
2160002507
2160002603
2160035900
2160002607
2160002700
2160004207
2160002800
2160004500
2160003101
2160003602
2160021300
2160003001
2160004208
2160004209
2160003201
2160003502
2160003800
2160004102
2160004104
2160004106
2160004109
2160004203
2160004300
2160004400
2160007200
2160008201
2160008300
2160006701
2160006702
2160006703
2160005500
2160005600
2160006500
2160006601
2160006602
2160006603
2160007600
2160007800
2160008101
2160009301
2160009303
2160008400
2160009201
2160009203
2160009204
2160030000
2160022000
2160047100
2160009500
2160009601
2160009701
2160009304
2160009400
2160022100
2160020301
2160010201
2160019100
2160010301
2160019200
2160021000
2160021100
2160018902
2160032200
2160010701
2160011400
2160011500
2160021200
2160020800
2160019300
2160020900
2160019401
2160019501
2160019502
2160019800
2160019900
2160020000
2160020100
2160020201
2160020202
2160020302
2160020401
2160020402
2160020501
2160020502
2160019000
2160018801
2160018802
2160018901
2160021800
2160021900
2160022200
2160022300
2160022400
2160022500
2160022600
2160022700
2160022800
2160022900
2160023000
2160023100
2160027400
2160027500
2160029900
2160028202
2160028301
2160028302
2160030100
2160030200
2160030300
2160029001
2160029002
2160029101
2160029102
2160029200
2160029300
2160031901
2160032000
2160032100
2160028402
2160030600
2160028600
2160028700
2160028801
2160028802
2160028901
2160028902
2160029400
2160029500
2160029800
2160030401
2160030402
2160030501
2160030502
2160030700
2160030802
2160030901
2160030902
2160031400
2160031500
2160031802
2160031803
2160031804
2160031903
2160031904
2160032300
2160032400
2160032500
2160032600
2160032700
2160032800
2160032900
2160033001
2160033002
2160033101
2160033102
2160033200
2160033300
2160033400
2160033500
2160033600
2160033700
2160033800
2160035500
2160035600
2160035700
2160035800
2160033900
2160034000
2160034100
2160034201
2160034202
2160034301
2160034302
2160034400
2160039100
2160034500
2160034600
2160034700
2160034800
2160034900
2160035000
2160035100
2160035200
2160035300
2160035400
2160036000
2160036100
2160036300
2160036400
2160036500
2160036600
2160036700
2160036800
2160036900
2160043700
2160037000
2160037100
2160037201
2160037202
2160037301
2160037302
2160037400
2160037500
2160037600
2160037800
2160038000
2160038100
2160038200
2160038300
2160038400
2160038500
2160038600
2160038700
2160038800
2160038900
2160039000
2160039201
2160039202
2160039301
2160039302
2160039400
2160039500
2160039600
2160039700
2160039800
2160039900
2160040001
2160040002
2160043800
2160040101
2160040102
2160040201
2160040202
2160040301
2160040302
2160040400
2160040500
2160040601
2160040602
2160044200
2160040701
2160040702
2160040800
2160040900
2160041000
2160041100
2160041200
2160041300
2160041400
2160041500
2160041600
2160041700
2160042800
2160042900
2160043100
2160043200
2160043300
2160043400
2160043500
2160043600
2160043900
2160044000
2160044100
2160044300
2160044400
2160044500
2160044700
2160044801
2160044802
2160044901
2160044902
2160045000
2160045100
2160045200
2160045300
2160045400
2160045600
2160045700
2160045800
2160045900
2160046000
2160046100
2160046200
2160046300
2160046400
2160046500
2160046600
2160046700
2160046800
2160046900
2160047000
2160047201
2160047202
2160047301
2160047302
2160047401
2160047404
2160047406
2160047407
2160047408
2160047505
2160047507
2160047508
2160047600
2160048000
2160048100
2160048200
2160048300
2160048400
2160048500
2160048600
2160048700
2160048800
2160048900
2160049100
2160049200
2160049300
2160049400
2160049500
2160049600
2160049700
2160050200
2160050300
2160050600
2160051500
2170457100
2170457200
2160060801
2160060300
2160064600
2160066500
2160063500
2160064700
2160054901
2160060600
2160060400
2160060000
2160054200
2160051800
2160051700
2160060500
2160064400
2160054300
2160054400
2160055900
2160051900
2160052000
2160052100
2160052200
2160052300
2160052400
2160052500
2160052600
2160052700
2160052800
2160052900
2160053000
2160053100
2160053200
2160053300
2160053400
2160053500
2160053600
2160053700
2160053800
2160053900
2160054000
2160054100
2160054500
2160054600
2160054700
2160054801
2160055000
2160055100
2160055200
2160055300
2160055400
2160055500
2160055601
2160055602
2160055701
2160055702
2160055800
2160056001
2160056002
2160056101
2160056102
2160056200
2160056300
2160056400
2160056500
2160056800
2160056900
2160057000
2160057100
2160057200
2160057300
2160057400
2160057500
2160057600
2160057700
2160060905
2160060200
2160057800
2160057900
2160058000
2160058100
2160058201
2160058202
2160058301
2160058302
2160058400
2160058500
2160058601
2160058602
2160058701
2160058702
2160058800
2160058900
2160059000
2160059100
2160059200
2160059300
2160059400
2160059500
2160059600
2160059700
2160059800
2160059900
2160060804
2160060806
2160060807
2160060808
2160060902
2160060903
2160060907
2160062000
2160062603
2160062604
2160062605
2160062606
2160062703
2160062704
2160062705
2160062706
2160062800
2160062900
2160063000
2160063100
2160063200
2160063300
2160063400
2160063801
2160063802
2160063901
2160063902
2160064000
2160064100
2160064201
2160064202
2160064301
2160064302
2160064800
2160064900
2160065001
2160065003
2160065004
2160065102
2160065103
2160065104
2160065200
2160065300
2160065400
2160065902
2160065904
2160066000
2160066100
2160066200
2160066300
2160066400
2160066600
2160066700
2160066900
2160067000
2160067100
2160067200
2160067300
2160067400
2160067500
2160067600
2160067700
2160067800
2160067900
2160068002
2160068004
2160068005
2160068006
2160068101
2160068103
2160068105
2160068106
2160068400
2160068500
2160068700
2160069000
2160069100
2160069200
2160069300
2160069400
2160069500
2160069600
2160069700
2160069800
2160069900
2160070002
2160070101
2160070102
2160070201
2160070202
2160070301
2160070302
2160070600
2160070700
2160070801
2160070802
2160070901
2160070902
2160071000
2160071100
2160071200
2160071300
2160071400
2160071500
2160071600
2160071700
2160073300
2160073400
2160073500
2160073600
2160073700
2160073800
2160073900
2160074000
2160074200
2160112000
2160112200
2160112300
2160112500
2160112600
2160112700
2160248600
2160369800
2160356800
2160248700
2160369900
2160357700
2160248800
2160248900
2160276800
2160277000
2160277100
2160277900
2160350800
2160350900
2160351000
2160351100
2160351200
2160351300
2160351400
2160351500
2160351600
2160355300
2160355400
2160355600
2160355700
2160355800
2160355900
2160356000
2160356100
2160356200
2160356300
2160356400
2160356500
2160356600
2160356700
2160357000
2160357100
2160357200
2160357300
2160357400
2160357500
2160357600
2160357800
2160357900
2160358000
2160358100
2160358200
2160370000
2160358300
2160358400
2160358500
2160358600
2160358700
2160358800
2160358900
2160359000
2160359100
2160359200
2160359300
2160359400
2160359500
2160359600
2160365600
2160359700
2160372900
2160365700
2160369700
2160368400
2160368500
2160368600
2160368700
2160373000
2160368800
2160368900
2160369000
2160369100
2160369200
2160369400
2160369500
2160369600
2160370100
2160370200
2160371400
2160371500
2160371600
2160371700
2160371800
2160371900
2160372000
2160372100
2160372200
2160372300
2160372400
2160372500
2160372700
2160372800
2160373200
2160373300
2160373400
2160373500
2160373600
2160373700
2160373800
2160373900
2160374000
2160374100
2160374200
2160374300
2160374400
2160374500
2160374600
2160374700
2160374800
2160374900
2160375000
2160375100
2160375200
2160375300
2160375400
2160375500
2160375600
2160375700
2160375800
2160375900
2160376000
2160376100
2160376200
2160376300
2160376400
2160376500
2160376600
2160376700
2160376800
2160376900
2160377000
2160377100
2160377200
2160377300
2160377400
2160377600
2160377700
2160377800
2160377900
2160378000
2160378100
2160378200
2160378300
2160378400
2160378500
2160378600
2160378700
2160378800
2160378900
2160379000
2160379100
2160379200
2160383000
2160379300
2160379400
2160379800
2160379900
2160380000
2160380100
2160380200
2160380300
2160380400
2160380500
2160380800
2160380900
2160381000
2160381100
2160381200
2160381300
2160381400
2160382600
2160382700
2160382800
2160382900
2160383100
2160383200
2160383300
2160383400
2160383500
2160383600
2160383700
2160383800
2160383900
2160384000
2160384100
2160384200
2160384300
2160384400
2160384500
2160384600
2160384700
2160384800
2160384900
2160385000
2160385200
2160385300
2160385400
2160385500
2160385800
2160385900
2160386000
2160386100
2160386200
2160386300
2160379700
2330056100
2330019801
2330023205
2330023302
2330023402
2330023501
2330023502
2330023601
2333016600
2330023602
2330023700
2330024100
2330024903
2330024905
2330025203
2330027103
2330028202
2333003001
2330031900
2330036601
2330036602
2330038100
2330038200
2330039803
2330040602
2330045802
2330051404
2330054000
2330057302
2330059203
2333003400
2333003500
2330059324
2333315100
2333015802
2333051300
2333034000
2333049700
2333049903
2333055600
2333058100
2333125600
2333120900
2333121000
2333125501
2333197002
2333215502
2333215503
2333216301
2333282100
2333282200
2333303400
2333303700
2333310600
2333314900
2333315000
2333964000
2333528800
2333540900
2333541000
2333567603
2333665303
2333665305
2333666600
2333879100
2333912400
2333954100
2334035500
2334254800
2334267000
2334266100
2334266200
2334266300
2334266500
2334292900
2334307701
2334307101
2334307201
2333224700
2333225400
2333238300
2334076900
2330019105
2330019205
2330019104
2333029600
2330019204
2330019803
2330050702
2330050704
2330050705
2330050801
2330050802
2330050804
2330050805
2333029700
2333030500
2333029800
2333029900
2333030000
2333030100
2333030200
2333030300
2333055304
2333055305
2333055306
2333055307
2333055308
2333055403
2333055405
2333062800
2333072201
2333072202
2333072301
2333072302
2333072400
2333088100
2333088200
2333088300
2333166402
2333126203
2333126204
2333126302
2333126401
2333126402
2333166200
2333166300
2333166401
2333166501
2333259000
2333258800
2333258900
2333259100
2333332400
2333332600
2333332700
2333332800
2333332900
2333333000
2333337300
2333666900
2333337500
2333337600
2333337700
2333337800
2333914802
2333665202
2333665204
2333661401
2333661003
2333661004
2333661101
2333661103
2333661104
2333661202
2333661203
2333661204
2333665205
2333665206
2333665301
2333667000
2333667100
2333667200
2333667300
2333668000
2333948700
2333948800
2333914901
2333914903
2333914904
2333915002
2333915003
2333915004
2333915101
2333915102
2333915201
2333915202
2333948200
2333948300
2333948500
2333948600
2333948900
2333949000
2333949100
2333949200
2333949300
2333949400
2333963400
2333963500
2333963600
2333963700
2333963800
2333963900
2333964100
2333964200
2333964300
2334078600
2334078700
2334078800
2334078900
2334079000
2334079100
2334079200
2334079300
2334079400
2334079500
2334079600
2334101500
2334101600
2334101700
2334101800
2334101900
2334102000
2334151700
2334151800
2334263300
2334241200
2334241300
2334263200
2334241400
2334241500
2334241600
2334241700
2334241800
2334241900
2334242000
2334245500
2334245600
2334245700
2334245800
2334246300
2334246400
2334262400
2334262500
2334262600
2334262700
2334262800
2334262900
2334263000
2334263100
2334263400
2334271300
2334271200
2334271000
2334271100
2334271400
2334271500
2334271600
2334271700
2334271800
2334272000
2334273300
2334273400
2334273500
2334273600
2334273700
2334273800
2334274100
2334274200
2334274300
2334277500
2334277600
2334277700
2334277800
2160041800
2160041900
2160042000
2160042100
2160042200
2160042300
2160042400
2160042500
2160061300
2160060908
2160061000
2160061100
2160061200
2160061400
2160061500
2160061600
2160061700
2160061800
2160061900
2160065500
2160065602
2160065603
2160065604
2160065701
2160065704
2160065801
2160065803
2160072000
2160072100
2160072200
2160072300
2160072402
2160072501
2160072800
2160072900
2160073200
2170045700
2160350600
2160350700
2160351700
2160351800
2160351900
2160352000
2160352100
2160352200
2160352300
2160352500
2160359800
2160359900
2160370300
2160370400
2160381500
2160381600
2160381700
2160381800
2160381900
2160382000
2160382100
2160382200
2160382300
2160382400
2160382500
2170045800
2170018800
2170005201
2170005202
2170005500
2170005600
2170005700
2170005800
2170005902
2170006002
2170006101
2170006202
2170006300
2170045600
2170030100
2170045900
2170056100
2170018900
2170046000
2170030200
2170030300
2170030400
2170045300
2170045400
2170045500
2170046100
2170046200
2170029800
2170029900
2170030000
2170046300
2170047700
2170048600
2170055900
2170056000
2170056200
2170056300
2170056400
2170056700
2170056800
2170056900
2170029400
2170029500
2170029600
2170029700
2170047800
2170056500
2170056600
2170048500
2170047900
2170048000
2170048100
2170048200
2170048300
2170048400
2170057000
2170058200
2170058300
2170058400
2170058500
2170058600
2170058700
2170058800
2170058900
2170059000
2170059100
2170059200
2170062400
2170062500
2170062600
2170062700
2170062800
2170062900
2170361200
2170063000
2170063100
2170063200
2170066300
2170066400
2170066500
2170066700
2170066800
2170066900
2170067000
2170067100
2170067200
2170067300
2170067400
2170089001
2170089003
2170089004
2170089101
2170089202
2170089300
2170089400
2170089501
2170093400
2170092500
2170092600
2170092700
2170092800
2170092900
2170093000
2170093100
2170093200
2170093300
2170093500
2170416000
2170416100
2170361100
2170361400
2170361000
2170361300
2170361500
2170415900
2170363000
2170363100
2170400200
2170400300
2170400400
2170400500
2170416200
2170416300
2170416400
2170416500
2334297901
2334321801
2333803700
2333803800
2333804000
2160112900
2170460300
2333878500
2333906100
2333341500
2333341400
2333878800
2333879000
2333339100
2333338100
2333338600
2333338800
2333341800
2333348500
2333903100
2333348800
2333345300
2333352700
2333345500
2333345700
2333345900
2333346000
2333346100
2333347300
2333352800
2333362800
2333356200
2333915901
2333915902
2333916001
2333913801
2333914500
2333916102
2333916202
2333914600
2333914701
2333915301
2333946500
2333946600
2333946700
2333946800
2333946900
2333947700
2333947800
2333947900
2333948100
2333947100
2333947200
2333950200
2333951100
2333952500
2333952300
2333951900
2333953300
2333954502
2333954601
2333954602
2333954700
2333954800
2333954900
2333962000
2333964800
2333964900
2333965500
2333965900
2333966000
2333966700
2333968200
2333529300
2333972700
2333968300
2333969300
2330021005
2330022704
2330022834
2330024200
2330025002
2330025103
2330026904
2330027001
2330052723
2330032300
2330030102
2330032000
2330032103
2330032203
2330043501
2330039306
2330039406
2330045702
2330057102
2330057203
2330055500
2333014500
2330058123
2330060102
2330061903
2333021107
2333020700
2333021006
2333021200
2333051902
2333021108
2333568300
2333036804
2333041803
2333567800
2333567900
2333568000
2333073301
2333660801
2333631600
2333631500
2333630400
2333127000
2333127200
2333127500
2333125800
2333125401
2333125900
2333125502
2333120400
2333121500
2333172200
2333172600
2333220600
2333226522
2333257200
2333294200
2333296200
2333299200
2333309100
2333303600
2333309700
2333309500
2333310500
2333314100
2333327900
2170401600
2170401700
2170401800
2333328400
2333329600
2333329400
2334034400
2334076600
2334272600
2334292500
2334274400
2334266600
2334266700
2334269700
2334292600
2334272100
2334272200
2334267300
2334267400
2334268900
2334269000
2334269100
2334269200
2334291800
2170006400
2160387200
2170006500
2170006700
2170006800
2170007100
2170004501
2170004601
2170004901
2333272700
2160371300
2333952100
2333972400
2333972500
2330020213
2333020200
2334269300
2170025800
2170374301
2170057900
2170058000
2170044800
2170048900
2170025200
2170029200
2170025600
2170025700
2170026800
2170026900
2170022900
2170044300
2170028300
2170028400
2170023400
2170026700
2170028600
2170026600
2170313801
2170373201
2170374402
2170373202
2170374003
2170374004
2170376400
2170318800
2170318100
2170318400
2170376200
2170354003
2170376700
2170376801
2170376802
2170376901
2170376902
2170377001
2170377002
2170377101
2170377102
2170378501
2170378502
2170378601
2170378602
2170378701
2170382600
2170375400
2170375500
2170375600
2170375800
2170375900
2170376001
2170376002
2170376101
2170376102
2170376500
2170376600
2170391000
2170398200
2170397300
2170398800
2170413300
2170412600
2170412700
2170414900
2170415700
2170415800
2170026200
2170024700
2160004205
2160004108
2160036200
2160047502
2160047503
2160063600
2160064500
2160066800
2160060100
2160356900
2160377500
2333073100
2333166600
2333966300
2334270900
2334300401
2160393601
2160393401
2160393701
2160393501
2334316001
2160392401
2160392501
2160392201
2160392301
2160392101
2334298301
2334298401
2334298001
2334298101
2334298201
2334298501
2334298601
2334298701
2334298801
2334298901
2334299001
2334299101
2334299201
2334299301
2334299401
2334299601
2334299501
2334299901
2334299701
2334300001
2334299801
2334300101
2334300201
2334300301
2160391501
2160391601
2334313101
2334313601
2334313801
2334314101
2334314301
2334314501
2334314801
2334315101
2334316501
2334318201
2334319101
2334320001
2334320101
2334321101
2334321201
2334310511
2334321601
2334315801
2334322001
2334322201
2334322601
2334310550
2334311201
2334311901
2330023404
2334033900
2330023304
2334033400
2334033500
2334033800
2334314701
2334313201
2334315001
2334314901
2334322101
2334313501
2334313701
2334314201
2334314401
2334314601
2334316401
2334318301
2334321901
2334319201
2334322401
2334321701
2334322301
2334311301
2160031300
2334322501
2334310510
2334310521
2334310530
2334310531
2334310551
2334307801
2160394001
2160394101
2160394801
2160395401
2160395501
2160395001
2160395101
2160395201
2160395301
2160393901
2160393801
2160394201
2160394301
2160394901
2160394701
2160394401
2160394601
2334297701
2334297801
2334296901
2334297001
2170462001
2170462101
2170462301
2170462201
2170461901
2170461601
2170005400
2170461701
2170461501
2170461401
2334297501
2334297601
2330056701
2330051308
2330051408
2330056601
2330051309
2333803200
2333804100
2333568601
2333568602
2333568801
2333568802
2333972000
2333972300
2333971900
2333972200
2333198800
2333214100
2334281200
2160113200
2160386800
2334291600
2334291700
2160031600
2160003202
2160031200
2160000901
2160031000
2160000902
2160001002
2160018600
2160018700
2160002902
2160003002
2160003501
2160003601
2160020600
2160020700
2160003102
2160031100
2160050000
2160050100
2160050400
2160050500
2160049800
2160049900
2160380600
2160380700
2160002605
2160002505
2160388600
2160388700
2160387500
2160387600
2170004902
2170005002
2170005300
2170005901
2170006001
2170006102
2170006201
2170023500
2170023600
2170046700
2170046800
2170400800
2170400900
2170441600
2170441700
2170024500
2170024600
2170391400
2170391500
2170040300
2170040400
2170040500
2170040600
2170361600
2170361700
2170362800
2170362900
2170361900
2170362000
2170460400
2170460500
2170460600
2170460700
2170460000
2170460100
2170460200
2333877801
2333878200
2333878300
2333878400
2333877902
2333878000
2333878100
2333878600
2333337000
2333340600
2333197800
2333333800
2333878700
2333878900
2333339300
2333339400
2333338000
2333337100
2333337900
2333339200
2333340500
2333338900
2333339000
2333339500
2333879300
2333344800
2333339600
2333339700
2333339800
2333339900
2333340000
2333340100
2333340200
2333340300
2333340400
2333879400
2333341200
2333341300
2333348100
2333900100
2333900200
2333902100
2333340900
2333341000
2333341100
2333902200
2333348600
2333351100
2333345200
2333345400
2333351300
2333903200
2333348200
2333904100
2333904200
2333904900
2333906200
2333348700
2333344600
2333345100
2333352601
2333352602
2333345000
2333347600
2333347700
2333347800
2333350500
2333350700
2333350800
2333353500
2333347900
2333348000
2333348300
2333348400
2333347400
2333347500
2333350900
2333349100
2333349200
2333351000
2333953000
2333352900
2333353000
2333353100
2333353300
2333353600
2333353700
2333353800
2333353900
2333354000
2333354300
2333362700
2333356000
2333356100
2333362200
2333356300
2333362300
2333356400
2333356500
2333362900
2333363000
2333363100
2333363200
2333363300
2333363600
2333363700
2333363800
2333363400
2333362100
2333362400
2333362500
2333362600
2333906300
2333953400
2333906400
2333906900
2333908000
2333907200
2333912600
2333912701
2333908200
2333908500
2333908600
2333912702
2333913802
2333363500
2333912802
2333913701
2333913702
2333916002
2333913900
2333914000
2333914100
2333914400
2333916201
2333914702
2333914801
2333915302
2333915401
2333915402
2333916300
2333952800
2333916400
2333950000
2333949900
2333947300
2333947400
2333947500
2333947600
2333949500
2333949600
2333949800
2333950100
2333953700
2333951000
2333950300
2333953200
2333950400
2333950500
2333950600
2333950700
2333950900
2333951200
2333951300
2333951400
2333951500
2333951600
2333951700
2333952400
2333951800
2333952200
2333952000
2333952600
2333953800
2333952700
2333953900
2333952900
2333953500
2333953600
2333954000
2333954200
2333954400
2333955300
2333955400
2333955500
2333955600
2333955700
2333955800
2333961301
2333961500
2333961302
2333961401
2333961700
2333961402
2333961600
2333961900
2333962100
2333962200
2333962300
2333962400
2333962500
2333962700
2333962600
2333962800
2333964700
2333962900
2333963000
2333963100
2333963200
2333963300
2333964400
2333969000
2333964600
2333965000
2333965100
2333965300
2333965400
2333966101
2333965600
2333965700
2333965800
2333966103
2333966104
2333966202
2333966203
2333966204
2333966500
2333966400
2333971500
2333966600
2333966900
2333967000
2333967100
2333967200
2333967300
2333967400
2333967500
2333528900
2333529000
2333970700
2333529100
2333529200
2333967600
2333539500
2333539600
2333540200
2333540300
2333967700
2333967800
2333967900
2333968000
2333968100
2333969400
2333968400
2333968500
2333968600
2333971200
2333968701
2333968702
2333968801
2333968802
2333968900
2333969100
2333969200
2333969500
2333970600
2333969600
2333969700
2333969800
2333969900
2333970000
2333970100
2333970200
2333970300
2333970400
2333970500
2333971100
2333970800
2333971000
2333971300
2333971400
2333971602
2333971701
2333971702
2333971800
2333972100
2333972800
2333972900
2333973000
2333973100
2333973200
2330018501
2330018302
2330018601
2330022743
2330022746
2330022747
2330018303
2330018402
2330018403
2330019402
2330020105
2330020102
2330020113
2330020123
2330020201
2330021008
2330023104
2330019702
2330020905
2330019802
2330019701
2330020904
2330022748
2330019703
2330020101
2330026902
2330020908
2330020104
2330020202
2330020204
2330020223
2330021003
2330021004
2330021502
2330027307
2330039704
2330020903
2330020906
2330021504
2330021505
2330021602
2330021604
2330024902
2330021605
2330022703
2330027008
2330026908
2330022200
2330022732
2330022734
2330022737
2333013900
2330022749
2330022750
2330022751
2330022803
2330023202
2330022843
2330022846
2330022847
2330023203
2330023204
2330026905
2330022848
2330022849
2330022850
2330039705
2330022851
2330025003
2330027308
2330026901
2330023800
2330024904
2330025004
2330026907
2330025101
2330025102
2330025104
2330025115
2330025125
2330026903
2330026909
2330039707
2330040502
2333014000
2330025202
2330025215
2330025201
2330027002
2330027309
2330025225
2330027003
2330027004
2330027005
2330027006
2330027007
2330027009
2330027101
2330027404
2330027104
2330027105
2330027201
2330040503
2330027204
2330027205
2330027305
2330027306
2330027310
2330027311
2330027407
2330027408
2330027409
2330027410
2330027411
2330028123
2330028113
2330028213
2330043502
2330040603
2330029701
2330029801
2330029802
2330028402
2330035901
2330052813
2330052814
2330052816
2330028401
2330029702
2330035902
2330030101
2330030103
2330030201
2330030202
2330030203
2330030700
2330030800
2330031500
2330036001
2330036002
2330034502
2330034501
2330034401
2330034402
2330035300
2330032901
2330052817
2333062600
2330031600
2330035400
2330041501
2330036501
2330036502
2330044800
2330038501
2330038601
2330041601
2330039701
2330039708
2330039802
2330039807
2330039808
2330041700
2330041800
2330043201
2330043601
2330043602
2330042800
2330043101
2330044502
2330044503
2330044602
2330044603
2330044700
2330052818
2333012700
2330045100
2330045200
2330051307
2330052715
2330052815
2330049700
2330052718
2330053400
2330049800
2330051401
2330051402
2330052716
2330052717
2330053500
2330051406
2330052833
2330050701
2330051301
2330051302
2330053600
2330051407
2333012800
2333036102
2330051303
2330051305
2330051306
2330051403
2330051405
2330052704
2330052709
2330052711
2330052712
2330052713
2330052714
2330052733
2330052804
2330052809
2330052811
2330052812
2330052823
2330053300
2330056304
2330057001
2330057101
2330056000
2330057201
2330060001
2330057202
2330058031
2330060101
2330057204
2330060601
2330060801
2330060602
2333003700
2330060400
2330058632
2330058113
2330060500
2330061801
2330056204
2330061802
2333013800
2330053900
2333013000
2333036201
2330057301
2330057303
2330057304
2330057601
2330060904
2330057702
2330058012
2330058013
2330058022
2330058023
2330058112
2330059201
2333003102
2333013100
2330058121
2330058122
2330060003
2330060002
2330059214
2330059224
2333003101
2330059301
2330059314
2330058732
2333013200
2330060103
2330060200
2330061000
2330061901
2330061902
2330060300
2330061803
2333000400
2333013300
2333013400
2330060701
2330060702
2330061300
2330061400
2330061500
2330061600
2330061700
2333000500
2333003002
2333003200
2333003300
2333003600
2333012900
2333013500
2333013600
2333013700
2333014100
2333014200
2333014300
2333014400
2333014700
2333014800
2333014900
2333015000
2333015100
2333015200
2333015300
2333015400
2333015801
2333016500
2333017000
2333015900
2333016000
2333017200
2333015701
2333015702
2333016100
2333016200
2333016700
2333016800
2333016900
2333017100
2333017300
2333020000
2333020100
2333020400
2333020500
2333021106
2333020800
2333021005
2333021111
2333016300
2333020300
2333016400
2333051200
2333032800
2333021003
2333021001
2333021008
2333021007
2333021500
2333030800
2333021009
2333021300
2333021400
2333021010
2333030900
2333021103
2333021109
2333023400
2333021110
2333021104
2333021105
2333021101
2333023500
2333023600
2333031200
2333023700
2333023800
2333023900
2333024000
2333024100
2333024200
2333031300
2333030700
2333056200
2333034400
2333029500
2333031000
2333031100
2333031400
2333031500
2333031600
2333031700
2333031800
2333031900
2333033600
2333034500
2333034600
2333032500
2333032600
2333032700
2333032000
2333035200
2333032100
2333032200
2333032300
2333032900
2333033000
2333033100
2333033200
2333033300
2333033400
2333033500
2333033700
2333033800
2333033900
2333034300
2333035300
2333035401
2333035402
2333035501
2333035502
2333035601
2333035602
2333035701
2333035702
2333035802
2333035803
2333035804
2333036400
2333036500
2333035901
2333035903
2333035904
2333036101
2333036202
2333036300
2333036600
2333036703
2333036704
2333036801
2333036803
2333036900
2333040000
2333040100
2333040200
2333040300
2333040400
2333040500
2333041300
2333041400
2333041700
2333041906
2333041802
2333041805
2333041806
2333056300
2333052100
2333166502
2333041901
2333041904
2333041905
2333042000
2333042100
2333045200
2333056501
2333045000
2333045100
2333044500
2333044600
2333044700
2333044800
2333044900
2333056502
2333049902
2333051001
2333051002
2333051101
2333051901
2333055800
2333055900
2333056002
2333226411
2333049800
2333056101
2333058300
2333049600
2333051400
2333049901
2333051600
2333051700
2333051801
2333051802
2333051500
2333050001
2333050002
2333056401
2333056402
2333050003
2333050301
2333050302
2333050401
2333050402
2333050501
2333050502
2333050601
2333050602
2333050700
2333050800
2333050900
2333055407
2333055408
2333055500
2333058500
2333056004
2333056005
2333056006
2333056103
2333056105
2333056106
2333057300
2333057400
2333057500
2333057600
2333057700
2333057800
2333057900
2333058000
2333058200
2333058400
2333058600
2333058700
2333058800
2333058900
2333059000
2333059100
2333059200
2333059300
2333059400
2333059500
2333062700
2333062500
2333062000
2333062100
2333062200
2333062300
2333062400
2333540400
2333540500
2333540600
2333540700
2333540800
2333541100
2333569500
2333568500
2333568400
2333569400
2333567703
2333567704
2333568100
2333062900
2333089200
2333226423
2333063000
2333063101
2333063102
2333063201
2333063202
2333063300
2333063400
2333073200
2333072500
2333072600
2333072700
2333072801
2333072802
2333072901
2333072902
2333073000
2333073302
2333089300
2334243200
2333073303
2333073304
2333073401
2333080200
2333073402
2333073404
2333073500
2333073600
2333073700
2333073800
2333080300
2333080400
2333079600
2333079700
2333079800
2333079900
2333088600
2333088700
2333088800
2333088901
2333088902
2333089001
2333089002
2333089100
2333089400
2333098700
2333108100
2333108200
2333108300
2333108400
2333108500
2333108600
2333108700
2333109500
2333109600
2333109700
2333109800
2333109900
2333110000
2333630700
2333661403
2333630500
2333630600
2333661800
2333629900
2333661900
2333630200
2333630900
2333630000
2333630100
2333660501
2333660502
2333660601
2333630800
2333663100
2333663200
2333631200
2333631800
2333660602
2333631000
2333703800
2333631100
2333663300
2333631300
2333631400
2333631700
2333662700
2333663000
2333660402
2333660300
2333660401
2333662301
2333662302
2333662401
2333662402
2333662600
2333664800
2333664900
2333665306
2333665800
2333665900
2333666000
2333667800
2333703900
2333259500
2333666100
2333666200
2333666300
2333666500
2333666700
2333666800
2333704500
2333703400
2333703500
2333703600
2333703700
2333155202
2333704000
2333704100
2333704200
2333704300
2333704400
2333803600
2333803900
2333126600
2333126700
2333126800
2333126900
2333164600
2333127100
2333164700
2333127600
2333127300
2333164800
2333125700
2333155000
2333155102
2333155103
2333155104
2333155201
2333155203
2333127400
2333126500
2333126000
2333125402
2333126101
2333126103
2333126202
2333131700
2333131800
2333120500
2333120600
2333120700
2333120800
2333121600
2333121700
2333155204
2333155300
2333155400
2333163700
2333163800
2333163900
2333155600
2333155700
2333160900
2333161000
2333161100
2333167800
2333167900
2333164100
2333164200
2333168000
2333164300
2333164400
2333164000
2333164500
2334243300
2333166700
2333166800
2333166900
2333167000
2333167100
2333167200
2333167300
2333167400
2333167500
2333167600
2333167700
2333220400
2333220500
2333172900
2333173000
2333172400
2333172800
2333172300
2333172500
2333173100
2333173200
2333172700
2333173300
2333173400
2333188500
2333188600
2333188900
2333189000
2333189101
2333189102
2333196500
2333189201
2333189300
2333189400
2333198400
2334243400
2333197200
2333197300
2333198500
2333198600
2333198700
2333196600
2333196900
2333197001
2333197101
2333197102
2333197900
2333198000
2333198100
2333198200
2333198300
2333238400
2333238500
2333204801
2333204802
2333204901
2333204902
2333205000
2333205100
2333205200
2333205300
2333205400
2333205500
2333205600
2333226322
2333221200
2333221300
2333220700
2333220800
2333214800
2333214900
2333215000
2333215100
2333215200
2333215602
2333215604
2333215601
2333215700
2333215800
2333215900
2333216000
2333226900
2333226202
2333225900
2333215300
2333221500
2333224900
2333215400
2333215501
2333234900
2333235000
2333259600
2333216100
2333216302
2333216401
2333216402
2333225000
2333225800
2333235101
2333257900
2333216200
2333220000
2333220100
2333220200
2333220900
2333221000
2333221100
2333219600
2333219700
2333219800
2333219900
2333220300
2333221400
2333221700
2333221800
2333225300
2333225500
2333225100
2333226000
2333225200
2333226512
2333226612
2333235102
2333259200
2333226100
2333226201
2333226321
2333226323
2333226622
2333226700
2333233700
2333234602
2333233800
2333233900
2333234000
2333235300
2333234400
2333234500
2333234601
2333234700
2333234800
2333257600
2333235201
2333235202
2333235400
2333238601
2333238602
2333238701
2333238702
2333238800
2333238900
2333239000
2333239100
2333239200
2333239300
2333239400
2333239500
2333239800
2333257700
2333257800
2333239900
2333240000
2333240100
2333282300
2333257100
2333256700
2333255400
2333255500
2333255600
2333255700
2333255800
2333255900
2333256000
2333256100
2333256200
2333256300
2333256400
2333256500
2333256600
2333256800
2333256900
2333257000
2333257300
2333257400
2333257500
2333259700
2333265400
2333272800
2333272900
2333282600
2333283500
2333282700
2333282400
2333283800
2333282800
2333282900
2333283000
2333283300
2333283400
2333283600
2333283700
2333282500
2333286500
2333298900
2333308900
2333285900
2333286000
2333286600
2333286100
2333286200
2333286300
2333286400
2333309000
2333301700
2333301800
2334243000
2333286700
2333286800
2333299100
2333294100
2333292900
2333293700
2333293800
2333293200
2333293300
2333294000
2333299000
2333294300
2333294400
2333294500
2333294600
2333293900
2333308701
2333303500
2333303900
2333304000
2333308702
2333308801
2333308802
2333309600
2333309200
2333309300
2333309400
2333310300
2333309800
2333309900
2333310000
2333310100
2333310200
2333310400
2333310700
2333310800
2333310900
2333311000
2333313500
2333313600
2333313700
2333313800
2333313900
2333314800
2333327800
2333329900
2333328100
2333328600
2333328700
2333328800
2333328900
2334075800
2333329700
2333330000
2333329800
2333328500
2333329000
2333328200
2333329100
2333329200
2333329300
2333328300
2333330100
2333329500
2333331300
2333332100
2333332200
2333332300
2334032400
2334032500
2334034500
2334034800
2334034900
2334035600
2334076500
2334070900
2334071000
2334071300
2334071400
2334071500
2334071600
2334071700
2334071800
2334071900
2334078000
2334075600
2334072000
2334072100
2334075700
2334072700
2334075900
2334076000
2334076100
2334075100
2334075200
2334075300
2334075400
2334075500
2334076200
2334078100
2334078200
2334078300
2334078400
2334072800
2334072900
2334073000
2334079700
2334079900
2334080000
2334243100
2334080100
2334080200
2334081300
2334081400
2334083100
2334083200
2334097900
2334151900
2334152000
2334244500
2334244600
2334244700
2334255600
2334244800
2334255500
2334244900
2334244200
2334244300
2334244400
2334240700
2334240800
2334240900
2334241000
2334241100
2334242100
2334242200
2334242300
2334242400
2334242500
2334242600
2334242700
2334242800
2334242900
2334243500
2334244100
2334245000
2334245100
2334245200
2334245400
2334248500
2334248600
2334257200
2334252900
2334253000
2334254500
2334254600
2334254900
2334255000
2334255100
2334255200
2334255300
2334255400
2334255700
2334259000
2334255800
2334255900
2334256000
2334256100
2334256200
2334256300
2334256400
2334256500
2334256600
2334256700
2334256800
2334256900
2334257000
2334257100
2334257300
2334257400
2334257500
2334257600
2334257700
2334257800
2334257900
2334258000
2334258100
2334258200
2334258300
2334258400
2334258500
2334258600
2334258700
2334258800
2334258900
2334259100
2334259200
2334259300
2334259400
2334259500
2334259600
2334259700
2334259900
2334260000
2334260100
2334260200
2334260300
2334260400
2334260500
2334261100
2334261200
2334261300
2334261400
2334261500
2334261600
2334261700
2334261800
2334261900
2334262000
2334262100
2334262200
2334262300
2334263600
2334263700
2334263800
2334263900
2334264000
2334264100
2334264200
2334264300
2334264400
2334264700
2334264800
2334264900
2334265000
2334265100
2334265200
2334265300
2334269800
2334272500
2334269900
2334292400
2334265700
2334267100
2334270400
2334272700
2334265800
2334269500
2334269600
2334270000
2334270100
2334270800
2334270200
2334270500
2334272300
2334272800
2334272900
2334273000
2334273100
2334267500
2334267600
2334267700
2334267800
2334267200
2334272400
2334267900
2334276100
2334270700
2334276200
2334266900
2334270600
2334273200
2334268200
2334268300
2334268400
2334268500
2334268600
2334268700
2334274700
2334265400
2334265500
2334265600
2334274800
2334292300
2334292200
2334291400
2334291500
2334291900
2334292700
2334292800
2334293000
2170005101
2170005102
2160389200
2170007500
2160387100
2160387300
2160387400
2170007600
2170009401
2170009800
2170009900
2170008000
2170007000
2170006900
2170008100
2170008200
2170008400
2170008500
2170008600
2170009100
2170008800
2170010000
2170019000
2333273300
2333273100
2333273200
2334307501
2334307601
2334307301
2334307401
2333273400
2333472200
2333472300
2330022707
2330022729
2330022807
2330022829
2333039700
2333039800
2333039900
2333030400
2333108800
2333108900
2333109200
2333109300
2333109400
2333350400
2333350600
2333351200
2333353400
2333879200
2170007300
2170007800
2170023000
2170312600
2170373301
2170373901
2170375300
2170382800
2170398700
2160000203
2160045500
2160047700
2160047800
2160047900
2160068600
2160112800
2160113300
2160385100
2334266400
2170094800
2333126301
2160065703
2170018700
2334316201
2333803500
2333333200
2333341600
2333341700
2333346200
2333344900
2333344700
2333352500
2333907000
2333907100
2333947000
2333949700
2333955000
2334266800
2333971601
2330027406
2330021006
2330026906
2330022733
2330022837
2330022804
2333568200
2333020600
2333567601
2333567604
2333567702
2333073403
2333660200
2333226422
2333239600
2333224800
2334072200
2334245300
2334259800
2334268100
2334268800
2170401400
2170401500
2160371200
2333348900
2170050300
2170024400
2170094202
2170094101
2170095100
2170094700
2170091300
2170091400
2170091500
2170373500
2170397200
2160001300
2160030801
2160037700
2160051600
2160063700
2160355500
2160060700
2160277800
2160369300
2334078500
2160031700
2333337200
2333350100
2333350200
2333350300
2333965200
2333966800
2333272500
2334270300
2334265900
2170008700
2240897600
2240897700
2334310520
2334312001
2170461801
2333338300
2333340800
2170088800
2170088902
2170088903
2333088500
2333659800
2333659900
2333660000
2333660100
2333660802
2333661002
2334263500
2334271900
2170394400
2170394500
2170400000
2170400100
2160370600
2160370500
2160370700
2160370800
2160370900
2160371000
2160371100
2170062300
2170399800
2170399900
2334315201
2333954501
2334321401
2334311101
2160394501
2330051409
2160001001
2333338200
2333338400
2333340700
2333902300
2333902400
2333905000
2333905500
2333905600
2333349000
2333352300
2333352400
2333353200
2333912801
2333916101
2333954300
2333950800
2333953100
2333121300
2333961800
2333964500
2333472400
2333472500
2333503200
2333503300
2333970900
2333972600
2330019302
2330020205
2330022100
2330022745
2330022832
2330022833
2330022845
2330023102
2330023103
2330023105
2330025005
2330025204
2330027203
2330028102
2330028223
2330028301
2330028302
2330033001
2330032400
2330039806
2330042700
2330043102
2330043202
2333014600
2330051304
2330055600
2330059303
2333051102
2333021011
2333021004
2333032400
2333036702
2333052000
2333055406
2333630300
2333661404
2333666400
2333121100
2333121200
2333121400
2333126104
2333154700
2333154800
2333154900
2333155101
2333173500
2333189202
2333239700
2333221600
2333226800
2333273000
2333294700
2333294800
2333294900
2333296100
2333303800
2333314000
2170457300
2160054802
2160054902
2160062100
2160062200
2160062300
2160062400
2160062500
2160355200
2160355000
2160355100
2334032000
2334032100
2334076300
2334076400
2334076700
2334076800
2334077000
2334077100
2334077200
2334077300
2334077400
2334077500
2334077600
2334077700
2334077800
2334077900
2334079800
2334098000
2334243900
2334243600
2334243700
2334243800
2334244000
2334254300
2334254400
2334254700
2334260600
2334260700
2334260800
2334260900
2334261000
2334264500
2334264600
2334266000
2334269400
2334268000
2160387000
2170007700
2160389100
2170009200
2170009301
2170007900
2170005001
2170006600
